1406653940 0
1409354502 1225548
1409513262 1230217
1409607801 1230216
1409703400 1230216
1409856457 1230216
1409856656 1230216
1409856877 1230216
1409857084 1230374
1409857143 1230374
1409877277 1230935
1409877493 1230956
1409951846 1230978
1410563911 1233582
1410564081 1234115
1410564261 1234115
1410564543 1234132
1411493304 1236779
1411494123 1237393
1411494877 1237197
1411585769 1237196
1411590255 1236738
1412046699 1236738
1413918770 1236748
1413918999 1232471
1414430914 1232471
1414441449 1231975
1414790891 1233161
1414800211 1233161
1414801629 1233172
1414821440 1233171
1414821847 1233169
1414823969 1233166
1414824529 1233161
1414824737 1233162
1414825326 1233171
1414825909 1233170
1414826466 1233171
1414828645 1232495
1414901550 1232491
1414984733 1232512
1414985852 1232513
1414987281 1232502
1414987961 1232504
1414988198 1232502
1414995678 1232515
1414997399 1232511
1415039705 1232511
1415043264 1232511
1415043271 1232517
1415049339 1232517
1415050230 1232516
1415051173 1232516
1415052204 1232516
1415053064 1232598
1415053330 1232598
1415054234 1232608
1415054705 1232597
1415057320 1232597
1415063292 1232542
1415063301 1232542
1415063580 1232543
1415116912 1232551
1415119112 1232539
1415119578 1232532
1415121032 1232537
1415121222 1232536
1415121450 1232537
1415122493 1232547
1415123093 1232547
1415127628 1232544
1415127638 1232542
1415130216 1232539
1415130222 1232551
1415130599 1232553
1415131515 1232554
1415135153 1232803
1415136918 1232808
1415137678 1232796
1415137857 1232796
1415139285 1232798
1415144406 1232801
1415147710 1232824
1415147859 1232824
1415148736 1232826
1415148806 1232826
1415150534 1232823
1415151073 1232825
1415151082 1232834
1415157949 1232834
1415157960 1232834
1415158868 1232749
1415160455 1232753
1415165754 1232748
1415166672 1232757
1415753394 1232790
1415753402 1232976
1415987134 1232975
1416269600 1232981
1416269610 1233327
1416450461 1233327
1416478217 1233335
1416626112 1233251
1417317538 1233787
1417317591 1698077
1417319638 1698077
1417579369 1698086
1417579389 1698086
1417717132 1698092
1417717771 1698086
1417738602 1698092
1418118757 1698090
1418198780 1698103
1418199263 1698112
1421499820 1698800
1421502037 1703854
1421564914 1703790
1421736089 1703818
1422045311 1703851
1422046038 1703980
1422124962 1703995
1422125126 1703995
1422125266 1704094
1422343870 1704096
1422394914 1704107
1422565609 1704108
1422565658 1704901
1422569717 1704901
1422569939 1704902
1422735451 1704899
1423165202 1704899
1423168117 1704898
1423251931 1705155
1423257548 1705156
1423257590 1705156
1423262841 1730155
1423263156 1730162
1423373492 1742644
1423382140 1730431
1424464756 1730431
1425181443 1730434
1425181936 1730434
1425182393 1730440
1425239767 1730519
1425258086 1736746
1425261547 1736746
1425488515 1736813
1426881451 1736859
1426883086 1785116
1426919493 1785469
1427334599 1785821
1427334845 1785821
1427336158 1785755
1427340657 1785755
1427642484 1785755
1427642610 1785751
1428264899 1785803
1428265696 1803888
1428265886 1805763
1428297668 1805791
1428297748 1805791
1428381317 1805805
1428381339 1805825
1428513935 1805827
1428556198 1805827
1428556928 1805721
1428604550 1805721
1428635542 1805896
1429119214 1806938
1429123182 1806942
1429129573 1806948
1429146175 1806948
1429147448 1806976
1429153504 1806978
1429153610 1806980
1431047009 1806990
1431088492 1806990
1432076687 1801158
1432077631 1801158
1432488893 1801159
1432489378 1801143
1432752129 1801147
1432833353 1801147
1433110779 1801148
1433113424 1802114
1433195428 1802113
1433227571 1802113
1433276745 1802128
1433442759 1802129
1433528531 1802138
1434118881 1802153
1435544241 1805982
1435676458 1818614
1435781729 1821717
1435785202 1818619
1435812374 1818619
1435818959 1819612
1435825296 1819613
1435885637 1815564
1436159958 1819388
1436160501 1814637
1436161984 1814653
1436169866 1814735
1436299883 1814737
1436299929 1814733
1436311994 1814728
1436313617 1815266
1436314819 1815267
1436320610 1815282
1436376463 1815382
1436388764 1815268
1436395756 1815266
1436421987 1815388
1436433128 1815400
1436433206 1815421
1436482641 1815567
1436485970 1815567
1436565102 1817431
1436592687 1817476
1436805234 1821017
1436811311 1821029
1436976460 1821210
1436977576 1821208
1436977831 1821093
1436981432 1821129
1436981504 1821266
1436981551 1821265
1436981618 1821265
1436982394 1821279
1436986087 1821276
1436989628 1821720
1436990530 1821720
1437001556 1821333
1437002391 1821324
1437030071 1821729
1437030186 1821702
1437030224 1821795
1437057394 1821800
1437057406 1821797
1437062363 1821334
1437065249 1821331
1437065322 1821347
1437073999 1821339
1437086645 1821335
1437087009 1821347
1437087822 1821331
1437154790 1822134
1437169683 1821366
1437175584 1821369
1437190816 1821417
1437194841 1821420
1437267153 1821925
1437292206 1822125
1437332550 1821926
1437414227 1821926
1437426318 1821692
1437426349 1822125
1437430895 1821693
1437448312 1821694
1437482116 1821694
1437483670 1821698
1437526266 1821708
1437539093 1821698
1437539184 1821743
1437539410 1821705
1438121413 1821708
1438121422 1821865
1438124450 1821865
1438192133 1821865
1438277750 1821870
1438282316 1822608
1438614333 1822608
1438626993 1822617
1438627161 1822616
1438627278 1822616
1438814186 1822616
1438814791 1822757
1438867593 1881179
1438879317 1881221
1438889336 1881239
1438967007 1881634
1438997067 1881639
1439227955 1881814
1439230746 1881808
1439243982 1881820
1439342240 1883323
1439406337 1883316
1439934867 1883316
1439939167 1883362
1440005986 1883353
1440019804 1883361
1440035821 1883360
1440036144 1883366
1440094590 1883696
1440611371 1883764
1440614154 1915676
1440716815 1915806
1440716956 1916276
1440723207 1916279
1440725580 1916279
1442261924 1902456
1442262270 1902463
1442614852 1902796
1442860530 1902911
1442884063 1902991
1443739783 1909405
1443740368 1909362
1443744908 1906025
1443773811 1915388
1443814660 1915388
1443818026 1915394
1443827524 1915511
1443829155 1915510
1444239455 1915511
1444287490 1915604
1444336096 1915604
1444338260 1915470
1444370926 1915433
1444710292 1885520
1444710345 1885519
1444714463 1899014
1444715683 1899015
1444717119 1899015
1444719086 1899015
1444781806 1898886
1444783092 1898885
1444795650 1898809
1444807655 1898810
1444968490 1900373
1445016244 1900224
1445032469 1900206
1445032589 1900206
1445032688 1900242
1445034270 1900242
1445035464 1900245
1445035940 1900245
1445039120 1900236
1445061331 1900290
1445065184 1900290
1445066246 1900290
1445151179 1900250
1445151277 1900262
1445209429 1900262
1445281317 1900271
1445281436 1900314
1445288092 1900310
1445288114 1900311
1445291097 1900315
1445297583 1900316
1445299409 1900314
1445303792 1900322
1445304444 1900322
1445309608 1900326
1445314353 1900454
1445318813 1900456
1445319575 1900456
1445321254 1900456
1445323686 1900459
1445358323 1900353
1445449235 1900448
1445456776 1900464
1445460311 1900486
1445461173 1900482
1445461209 1900536
1445467331 1900536
1445470071 1900524
1445526865 1900596
1445527389 1900626
1445527537 1900626
1445528456 1900611
1445529207 1900572
1445530017 1900591
1445531469 1900596
1445532155 1900563
1445533446 1900569
1445534407 1900556
1445535222 1900590
1445538395 1900588
1445544407 1900587
1445544494 1900587
1445545135 1900518
1445548232 1900431
1445552150 1900286
1445554378 1900334
1445556023 1900334
1445610980 1900335
1445631999 1900412
1445633481 1885914
1445633669 1890407
1445633823 1895845
1445633950 1900447
1445637214 1900402
1445638030 1900403
1445749741 1912114
1445758596 1933501
1445822495 1933683
1445826559 1933687
1445833424 1933692
1445913530 1933715
1445914056 1928242
1445915339 1928243
1445915781 1933716
1445916529 1933715
1445971709 1933915
1445992920 1933925
1446752191 1933921
1446754197 1933912
1446757794 1933920
1446760352 1933918
1446760972 1933914
1446975653 1933960
1446978447 1933957
1447006183 1933968
1447012507 1933956
1447241618 1933938
1447246390 1959507
1447247411 1959509
1447375270 1959527
1447375311 1960266
1447404452 1960295
1447506708 1960295
1447670502 1960294
1447694625 1960297
1447701588 1960371
1447703687 1967874
1447763996 1967874
1447764024 1967870
1447764072 1967894
1447843794 1967896
1447843825 1967899
1447846853 1967896
1447851254 1967898
1447851864 1985935
1447852084 1985935
1447872898 1985938
1447872930 1985924
1447889820 1985958
1447891315 1985960
1447891600 1985978
1447894400 1992949
1447966639 1992949
1447966739 1992961
1448022839 1993054
1448022925 1993069
1448047882 1993069
1448054570 1993107
1448059832 2023297
1448060070 2023297
1448227139 2023429
1448231671 2023444
1448235638 2023444
1448321055 2023550
1448620549 2023625
1448620651 2052040
1448627202 2052044
1448628127 2052056
1448759798 2052074
1448797763 2052077
1448924797 2052078
1448924829 2052148
1448928328 2052149
1448928928 2052149
1448929647 2052149
1448971876 2052158
1448971903 2053672
1448972803 2053668
1448978332 2053668
1449022231 2053661
1449022394 2053978
1449023391 2053980
1449056584 2053977
1449057518 2053977
1449064775 2053930
1449069582 2053930
1449092911 2053930
1449092931 2053736
1449145256 2053738
1449172691 2053738
1449353944 2053738
1449356679 2053742
1449359404 2053745
1449359806 2122051
1449359824 2122051
1449362462 2122048
1449479813 2122052
1449485356 2122119
1449485649 2122118
1449762134 2122119
1449762237 2122119
1449762276 2122130
1449765202 2122572
1449785983 2122574
1449786006 2122555
1449788148 2122554
1449792071 2122555
1449867401 2122563
1449867443 19529294
1450106800 19529290
1450113042 19529304
1450119135 19529304
1450532285 19529279
1450704121 19593818
1450715527 19529380
1450715614 19529380
1450781055 19529379
1450823576 19529420
1450888310 19560238
1450900375 19560238
1450900397 19560260
1450921457 19560264
1451931781 19566254
1451939990 19566255
1452019486 19566253
1452027035 19566255
1452064934 19566641
1452097112 19566642
1452121862 19566647
1452215193 19566787
1452215226 19566797
1452215607 19566796
1452219007 19566795
1452219090 19566821
1452219603 19566821
1452229862 19566891
1452229959 19566891
1452280790 19566937
1452292165 19566938
1452385825 19566946
1452387105 19566945
1452387506 19567013
1452387800 19567024
1452392011 19567314
1452404084 19567383
1452739337 19567409
1452740041 19567414
1452740193 19568354
1452742369 19568374
1452885685 19568449
1452906506 19568570
1452930606 19568597
1452930786 19520642
1452931658 19520642
1452996783 19520672
1453095859 19520674
1453096831 19520677
1453106154 19520763
1453106174 19529988
1453106177 19529687
1453106184 19529691
1453106410 19529691
1453112614 19529690
1453112745 19529499
1453112846 19529499
1453124852 19530115
1453200436 19530135
1453200703 19530135
1453201492 19520919
1453297527 19530134
1453301975 19524441
1453713976 19520934
1453726604 19520934
1453766526 19520919
1453767499 19520919
1453767567 19520919
1453787748 19520920
1453787778 19520920
1453818857 19593835
1453841982 19523904
1453885717 19523907
1453916536 19524399
1453921442 19593838
1453930602 19593850
1453930907 19593838
1454002857 19524452
1454003343 19524464
1454017707 19574128
1454026530 19524487
1454026582 19524487
1454030773 19524487
1454045295 19574128
1454092722 19524368
1454093596 19574158
1454106929 19574154
1454118187 19524366
1454134891 19574138
1454135354 19574138
1454137871 19574190
1454140984 19574192
1454143473 19574192
1454209895 19574209
1454310917 19574258
1454378126 19626382
1454387928 19626382
1454447338 19628998
1454447626 19629033
1454457516 19628915
1454459252 19628975
1454530794 19629122
1454569516 19629066
1454584387 19629062
1454585326 19629063
1454588544 19629063
1454626313 19629055
1454626322 19629068
1454629328 19629088
1454692725 19629088
1454692739 19629099
1454699180 19629022
1454721053 19629089
1454817957 19629102
1454819508 19629102
1454976725 19629102
1454978543 19629106
1455063093 19629104
1455510488 19629075
1455510553 19629078
1455511313 19629078
1455513899 19629095
1455519426 19629097
1455561783 19629173
1455563033 19629203
1455565554 19629235
1455568897 19629218
1455569228 19629218
1455573829 19629240
1455577828 19629247
1455582583 19629248
1455590712 19629254
1455591913 19629073
1455812603 19629149
1455814801 19629155
1455928355 19631461
1455928702 19631463
1455931446 19631463
1456191946 19631474
1456193120 19631506
1456193589 19631514
1456193732 19631514
1456254876 19631533
1456256892 19631531
1456331481 19631532
1456331937 19631525
1456331971 19631592
1456331978 19631502
1456334324 19631557
1456334634 19631558
1456335310 19631563
1456336300 19631562
1456337414 19631562
1456348167 19631580
1456377776 19631623
1456378036 19631592
1456378045 19631607
1456378551 19631607
1456378614 19631605
1456443889 19631739
1456445959 19631750
1456523118 19631694
1456524883 19631704
1456532721 19631709
1456536447 19631752
1456555183 19631755
1456556569 19631782
1456557798 19631782
1456558808 19631782
1456560291 19633144
1456625735 19633160
1456640602 19633162
1456645947 19633221
1456686782 19633245
1456688438 19633246
1456691136 19633255
1456695242 19633280
1456696369 19633275
1456700714 19633257
1456707885 19633234
1456714867 19633015
1456775893 19633015
1456776465 19633016
1456798615 19633037
1456802255 19706931
1456802872 19706937
1456807903 19705905
1456810069 19705897
1456857830 19705967
1456867964 19705967
1456868347 19705967
1456869527 19705967
1456876185 19705967
1456944766 19706004
1456946031 19706014
1457026000 19706035
1457026491 19706035
1457026574 19706217
1457055079 19706280
1457064332 19724946
1457068548 19724941
1457077577 19724893
1457134876 19724907
1457137097 19724775
1457139629 19724696
1457148102 19725017
1457229790 19725045
1457242024 19725303
1457242802 19725304
1457252739 19725421
1457307337 19725497
1457314858 19726153
1457386282 19726150
1457386309 19726156
1457541667 19726158
1457541681 19726287
1457545672 19726309
1457556937 19726354
1457590944 19726376
1457626429 19726377
1457626705 19726377
1457637000 19726405
1457708198 19726404
1457744234 19726522
1457744413 19726523
1457749389 19726624
1457829752 19726938
1457838285 19727064
1457888167 19727076
1457894439 19727169
1457908476 19727296
1458010891 19727313
1458014704 19727314
1458054500 19727268
1458092909 19736437
1458142183 19736437
1458147796 19736437
1458163214 19736443
1458173249 19736444
1458179997 19736458
1458180199 19736458
1458244549 19736460
1458245192 19800108
1458251313 19800108
1458296504 19800108
1458339387 19800166
1458339569 19800165
1458349948 19800276
1458357952 19800256
1458364612 19800229
1458365332 19800231
1458366903 19800230
1458367813 19800232
1458529639 19800444
1458541041 19800435
1458590045 19800493
1458621281 19800494
1458624254 19800506
1458662459 19816990
1458762864 19817013
1458766919 19817008
1458800577 19817017
1458839004 19817018
1458839643 19820811
1458865292 19821051
1458929027 19821111
1458932005 19821122
1458945162 19821147
1458952807 19821145
1459190044 19821147
1459202365 19821178
1459210083 19821202
1459211361 19821206
1459213932 19821224
1459290774 19821322
1459301041 19821364
1459354445 19821390
1459664980 19821734
1459670350 14989269
1459671013 14989276
1459728215 14989329
1459732801 14989408
1459787416 14989429
1459788503 14989423
1459794181 14989453
1459806075 14137643
1459823212 14137626
1459874908 14137662
1459875918 14137692
1459876456 14137692
1459886817 14137731
1459888387 14137735
1459910589 14137747
1459910696 14137931
1459910753 14135918
1459978500 14135928
1460002587 14135858
1460047059 14135878
1460066181 14135917
1460152811 14135900
1460156903 14135924
1460217876 14135927
1460225312 14135913
1460231774 14135941
1460236808 14135959
1460241146 14135959
1460250743 14135960
1460252771 14136002
1460325636 14136024
1460329349 14136047
1460333985 14136052
1460390625 14136054
1460414572 14136134
1460418662 14136134
1460499429 14136145
1460499898 14136143
1460501363 14136141
1460502252 14136144
1460502659 14136147
1460503739 14136138
1460509420 14136143
1460510457 14136143
1460511732 8442764
1460527748 8442819
1460528993 8442815
1460529241 8442815
1460561831 8442818
1460571066 8442854
1460579847 8442848
1460659246 8442853
1460736357 8442882
1460744559 8442884
1460746114 8442892
1460751756 8442898
1460753551 8442892
1460758864 8626550
1460766364 8626550
1460776886 8626550
1460781618 8626548
1460784419 8626550
1460785214 8626551
1460842151 8638777
1460853163 8638799
1460931107 8638799
1460932572 8638894
1460943027 8638911
1460948192 8639089
1460949022 8639085
1460951077 8639085
1461000149 8639073
1461003141 8639121
1461004120 8639123
1461019087 8639119
1461029476 8639132
1461029601 8639133
1461207486 8639187
1461251105 8639194
1461251172 8652792
1461282879 8652796
1461345637 8652788
1461350536 8652829
1461350604 8655007
1461350986 8655292
1461614495 8655292
1461682887 8655308
1461686908 8655324
1461689200 8655319
1461707212 8655332
1461779137 8655337
1461790318 8655380
1461801002 8655386
1461803435 8655581
1461803651 8655595
1461855702 8664663
1461855757 8664695
1461859208 8664696
1461860911 8664692
1461861970 8664695
1461862408 8664691
1461869021 8664691
1461870077 8664691
1461873025 8664694
1461874176 8664694
1461874309 8664694
1461912072 8664694
1461945165 8664777
1461945455 8664777
1461948430 8664776
1461949303 8664784
1461953008 8664844
1461953064 8664844
1461968551 8664844
1461985815 8664844
1461986315 8703908
1461986599 8703904
1461987856 8703904
1461987960 8703897
1461988803 8703953
1461991887 8703950
1461991919 8703935
1461992290 8703935
1461992896 8704116
1461994045 8704116
1461995447 8704116
1461997132 8704116
1461998142 8704116
1461998181 8704134
1461998852 8704134
1462001380 8704135
1462001753 8704135
1462002005 8704135
1462002148 8704135
1462043087 8704137
1462045629 8704137
1462046366 8704137
1462047213 8704139
1462050199 8704139
1462050757 8704140
1462062157 8704141
1462063119 8704140
1462064864 8704147
1462065613 8704148
1462065790 8704144
1462068578 8704145
1462070013 8704144
1462070205 8704144
1462138004 8704140
1462228552 8705253
1462234642 8705260
1462235528 8705309
1462235769 8711280
1462237025 8711280
1462237926 8711280
1462238831 8711280
1462240466 8711279
1462241211 8711291
1462243210 8711306
1462244318 8711302
1462245424 8711303
1462247886 8711302
1462251987 8711251
1462265163 8711252
1462301037 8711272
1462323721 8712544
1462323742 8712551
1462340084 8712559
1462383323 8565626
1462384476 8565626
1462405527 8565634
1462408015 8567206
1462468561 8567208
1462478240 8567207
1462507476 8584156
1462556482 8584289
1462560882 8584515
1462582806 8584539
1463004226 8668115
1463091109 8706972
1463092144 8706972
1463092386 8706969
1463133550 8706969
1463133708 8706973
1463145358 8706978
1463145696 8706978
1463148394 8706911
1463150461 8707952
1463151829 8707993
1463152499 8708029
1463152808 8708065
1463155048 8708129
1463496060 8707190
1463571422 8707111
1463572438 8707121
1463652153 8707186
1463658023 8707186
1463661364 8705339
1463674451 8705487
1463677710 8707260
1463680258 8704867
1463686348 8705242
1463731409 8705244
1463733499 8707262
1463733914 8705529
1463736132 8707263
1463736666 8707270
1463736832 8707268
1463738072 8705568
1463754148 8705566
1463757143 8705563
1463765857 8707371
1464010235 8707358
1464033353 8705794
1464075642 8705794
1464075731 8705794
1464077648 8707359
1464077659 8707366
1464077933 8707306
1464078172 8707361
1464082187 8707382
1464083816 8707384
1464092851 8705860
1464096410 8707400
1464096443 8707400
1464097649 8707396
1464099236 8706277
1464125603 8706292
1464165637 8707396
1464170081 8706302
1464171078 8707397
1464171305 8707397
1464185336 8706981
1464186836 8707398
1464702040 8711772
1465090012 8713382
1465223652 8870576
1465223873 8870576
1465389072 8866032
1465396695 8870681
1465399475 8870744
1465450747 8713819
1465562656 8870746
1465569698 8870757
1465571119 8870757
1465672875 8713906
1465748043 9352137
1465751163 9354476
1465818947 8865167
1465822318 8866091
1465910739 8866191
1465929397 9355099
1466012975 9356316
1466014207 9356291
1466014297 9356294
1466019788 9356292
1466060300 9356304
1466066523 9356307
1466066635 9356310
1466081227 8866150
1466083215 8866173
1466165236 9356311
1466173809 8865167
1466178288 8866217
1466178984 8866215
1466179264 8866219
1466179952 8866657
1466184667 9356311
1466409797 8866216
1466410416 8866214
1466421761 8866214
1466424660 8866202
1466432061 8866209
1466434049 8866210
1466434115 8866209
1466459038 8866209
1466501090 8866494
1466522966 8866190
1466589017 8866194
1466591699 8866199
1466626924 8866494
1466673477 8866494
1466682978 8866495
1466688061 8870565
1466694549 8866622
1466771134 8870570
1466812241 8870556
1467034742 8870571
1467050361 8870537
1467050980 8870572
1467063331 8870573
1467097810 8870576
1467193515 8975529
1467199629 8975476
1467201735 8975533
1467202378 8975533
1467208705 8975538
1467208756 8975686
1467211357 8975707
1467213501 8870751
1467271357 8975715
1467271447 8975726
1467278894 8975741
1467400292 8975741
1467400329 8975807
1467643177 8975823
1467643327 8975830
1467644486 8975817
1467661774 8975820
1467699266 8984874
1467717427 8984874
1467761243 8949688
1467763819 8949689
1467926336 8950120
1467928364 8950127
1467928447 8950129
1467928806 8950130
1467929297 8950129
1467951500 8950192
1467998803 8949815
1468019337 8950577
1468025804 8949750
1468025813 8949803
1468026845 8949804
1468236124 8949890
1468310255 8949859
1468328027 8949871
1468345845 8967569
1468345977 8965364
1468361660 8969071
1468395629 8969065
1468424585 8969072
1468582862 8969083
1468584838 8969255
1468585058 8969255
1468843038 8969339
1468918093 8969297
1468920790 8969278
1468921729 8969292
1468933959 8969236
1468938124 8969246
1468940152 8969220
1468940411 8969203
1468940456 8969208
1468941345 8969192
1469004065 8969196
1469092525 8969198
1469092632 8969214
1469092909 8969229
1469094200 8969256
1469094374 8969257
1469095764 8970091
1469103439 8976129
1469104284 8976129
1469104362 8976126
1469104616 8998902
1469104742 8998887
1469104840 8998887
1469115904 9001804
1469477072 9001804
1469479508 9001804
1469480089 9002238
1469511791 9002252
1469548372 9002473
1469607128 9004092
1469625675 9008390
1469628787 9008398
1469629465 9008392
1469707695 9007496
1469721175 9008781
1469799673 9008747
1469799827 9009386
1470149532 9009717
1470218177 9009852
1470235048 9010039
1470397438 9010042
1470398618 9006709
1470401213 9007163
1470414404 9007162
1470658123 9007170
1470658423 9007165
1470659169 9007153
1470659319 9007149
1470659639 9007136
1470659804 9006677
1470659887 9006366
1470659988 9006368
1470661950 9009301
1470662204 9009307
1470662278 9009305
1470662640 9009304
1470662671 9009305
1470662707 9009304
1470662799 9009304
1470664180 9009304
1470752059 9013769
1470756040 9013879
1470758252 9014213
1470814628 9020291
1470821013 9020154
1470821165 9013171
1470821342 9013171
1470839570 9013276
1470843952 9013159
1470844253 9013142
1470904510 9013126
1470931240 9013157
1470931639 9013157
1470996173 9013010
1471007802 9013013
1471015702 9013017
1471015782 9092927
1471016660 9092730
1471333624 9092838
1471356738 9092966
1471357139 9092989
1471357587 9093014
1471358600 9093029
1471359275 9093044
1471359354 9093044
1471359449 9093044
1471359718 9093046
1471510881 9093036
1471510991 9092952
1471511957 9092964
1471513085 9093079
1471513339 9093069
1471513374 9093095
1471515773 9093200
1471516894 9093273
1471528559 9093271
1471529191 9093268
1471529250 9093268
1471529855 9093268
1471610129 9093268
1471610195 9093273
1471610215 9093273
1471615878 9093275
1471618359 9093277
1471618381 9093277
1471618429 9093321
1471619606 9093322
1471857895 9093334
1471858154 9094599
1471868628 9095777
1471872174 9095786
1471875161 9095791
1471875208 9095803
1471876481 9095794
1471884087 9095847
1471937823 9095854
1471937904 7554358
1471940502 7558092
1471958362 7558079
1471963545 7558078
1471964532 7558078
1472117469 7057944
1472133373 7058094
1472139566 7057989
1472140347 7057998
1472199572 7057975
1472202873 7057978
1472203869 7057982
1472204705 7057980
1472205431 7057980
1473185113 8078931
1473428567 8259865
1473448175 8259894
1473652408 8078960
1473755825 8260484
1473756464 8260456
1473758715 8259900
1473758767 8259938
1473761709 8260553
1473761722 8259870
1473763974 8259956
1473764009 8260615
1473775694 8259871
1473775704 8260660
1473776119 8260654
1473844081 8259872
1473866969 8259868
1473871495 8260912
1473910098 8259882
1473924200 8259882
1473927979 8261000
1473928657 8072849
1473931941 7057985
1473932469 8071946
1473935488 8261491
1473938005 8071946
1473939175 8261018
1473939753 8261018
1473939769 8261491
1473942093 8071948
1473946082 8071949
1473949593 8071949
1473953520 8070877
1474014145 8070877
1474014484 8072849
1474042389 8072851
1474044277 8261521
1474044615 8261517
1474055835 8074278
1474065578 8261472
1474145056 8261474
1474145767 8261071
1474147647 8074445
1474168403 8074441
1474252432 8074465
1474267894 8261071
1474268698 8261467
1474278028 8261441
1474296280 8261486
1474300636 8078931
1474316216 8074525
1474318851 8074525
1474325296 8078876
1474356151 8078876
1474356734 8261487
1474358975 8261486
1474359928 8261088
1474360004 8261486
1474376957 8261487
1474385278 8261219
1474404377 8078968
1474409757 8261236
1474411597 8261250
1474413816 8078980
1474437247 8079081
1474456899 8261262
1474457124 8261410
1474458173 8261269
1474475653 8261259
1474476609 8261261
1474477930 8261281
1474508835 8079192
1474508860 8079636
1474509892 8079636
1474534988 8079658
1474537761 8261372
1474557116 8261414
1474557538 8261292
1474562039 8080029
1474575539 8080029
1474611580 8259928
1474614075 8259930
1474616155 8259917
1474616185 8259918
1474617849 8260039
1474619580 8260039
1474619787 8260042
1474620452 8259841
1474621658 8079944
1474622208 8260053
1474622905 8260009
1474624109 8079945
1474629533 8260009
1474629634 8260017
1474629819 8260039
1474631322 8260171
1474635019 8253877
1474639566 8261045
1474639831 8260200
1474641855 8261045
1474657798 8261051
1474658459 8261065
1474659509 8260059
1474666453 8260096
1474667451 8260166
1474669418 8261260
1474669754 8261260
1474670928 8260227
1474672004 8260230
1474673275 8260335
1474673377 8260335
1474680629 8261370
1474687434 8261370
1474687705 8261370
1474725549 8261370
1474725992 8261370
1474830779 8260354
1474832420 8260335
1474876882 8261377
1474876912 8260335
1474880383 8261377
1474883331 8261377
1474890203 8260335
1474891010 8261377
1474891435 8260439
1474896297 8260346
1474896465 8260509
1474897848 8260509
1474897899 8260453
1474897981 8260453
1474898048 8260455
1474898255 8260462
1474898282 8260463
1474898491 8260492
1474898905 8260503
1474900352 8260450
1474901226 8260471
1474901466 8260511
1474901753 8260513
1474904199 8260513
1474909185 8260185
1474912902 8260140
1474955388 8260145
1474975379 8260149
1474979396 8260147
1475014406 8260309
1475015066 8260309
1475015080 8260159
1475069903 8260160
1475073534 8260169
1475077334 8275470
1475079444 8260220
1475089299 8275439
1475089460 8275443
1475136469 8275469
1475139124 8275472
1475139848 8275470
1475139964 8275470
1475141791 8275470
1475153130 8275467
1475156560 8275460
1475156756 8275465
1475156931 8275506
1475157635 8275500
1475158472 8275495
1475166772 8275504
1475168762 8275505
1475175086 8275505
1475178599 8277378
1475218436 8277392
1475221098 8275505
1475221232 8275535
1475224558 8275535
1475224576 8275539
1475261731 8275571
1475261736 8276677
1475265276 8277392
1475267588 8276813
1475269475 8276852
1475269553 8276846
1475269617 8277465
1475271505 8277468
1475272189 8277468
1475272688 8277462
1475274514 8277462
1475279962 8277392
1475281427 8277402
1475282383 8277410
1475283048 8277463
1475283056 8277670
1475286798 8277670
1475308811 8277671
1475309645 8277671
1475318529 8277671
1475321063 8277671
1475334448 8277671
1475347421 8277417
1475347431 8277417
1475348382 8277423
1475361980 8277410
1475370483 8277410
1475370559 8277410
1475466307 8277762
1475466319 8277867
1475483428 8277872
1475525240 8277877
1475529132 8277410
1475534329 8277417
1475566102 8277423
1475574377 8277559
1475575955 8277541
1475576369 8277541
1475576872 8274294
1475598676 8274293
1475658512 8274293
1475658577 8283678
1475665828 8283669
1475672662 8283887
1475682732 8283887
1475682978 8283887
1475688544 8283883
1475691143 8283886
1475692525 8283886
1475694615 8283886
1475700794 8284435
1475700907 8284435
1475701621 8283886
1475701896 8283886
1475702326 8283886
1475754921 8284420
1475757311 8284410
1475758262 8284420
1475780514 8284425
1475866768 8284413
1475867036 8284871
1475872817 8284860
1475880243 8284875
1475890976 8284867
1475962321 8285296
1476122215 8285268
1476122776 8286010
1476210821 8285639
1476226845 8285667
1476227068 8285823
1476228732 8285833
1476228757 8286285
1476234070 8286285
1476289059 8286732
1476308200 8286749
1476312988 8286749
1476399490 8286751
1476402413 8286757
1476402900 8288164
1476467405 8288941
1476469378 8288969
1476469566 8289046
1476469839 8289003
1476470029 8289009
1476470566 8289008
1476482506 8289018
1476483486 8289007
1476483541 8288858
1476484901 8288870
1476485216 8288873
1476486854 8288911
1476723229 8288911
1476723801 8291464
1476723857 8291522
1476728045 8291525
1476728532 8291525
1476729348 8291526
1476734911 8291530
1476761126 8291558
1476761805 8291548
1476763813 8291544
1476763833 8291553
1476764424 8291552
1476816156 8291547
1476822709 8291637
1476824910 8291737
1476825379 8291737
1476826636 8292227
1476895243 8292240
1476908979 8297621
1476909609 8297620
1476913777 8297670
1476913884 8297906
1476921953 8297925
1476922125 8297924
1476934915 8297943
1476936644 8297947
1476938300 8297953
1476986588 8298057
1476988642 8298074
1477006989 8298025
1477007018 8302025
1477011290 8302054
1477022715 8302059
1477028588 8301987
1477030330 8301991
1477033026 8301973
1477033141 8301935
1477068559 8301935
1477070008 8301949
1477075259 8301949
1477084013 8301984
1477085450 8302341
1477087850 8302347
1477087930 8302348
1477087944 8302325
1477088543 8302409
1477091233 8302410
1477094473 8302481
1477101398 8302524
1477101728 8302525
1477101822 8303177
1477104196 8303177
1477104272 8303177
1477107000 8303184
1477153706 8303186
1477153719 8303187
1477153762 8303319
1477158759 8303323
1477160348 8303310
1477161261 8303311
1477161865 8304271
1477166172 8304238
1477171455 8304281
1477175919 8304307
1477177001 8304316
1477177753 8304323
1477179714 8304332
1477180744 8304331
1477180781 8304331
1477180797 8304318
1477188302 8304329
1477190484 8304346
1477194069 8304350
1477194349 8304347
1477195719 8304321
1477196825 8304338
1477197328 8304337
1477209201 8304369
1477242916 8304362
1477243613 8304361
1477243810 8304334
1477244043 8304334
1477252122 8304334
1477255550 8304354
1477256092 8304349
1477261359 8304515
1477267644 8304509
1477267795 8304525
1477267825 8304529
1477268027 8304529
1477270831 8304580
1477271297 8304580
1477273985 8304635
1477292089 8304639
1477293626 8304620
1477293890 8304613
1477322858 8304641
1477326390 8304668
1477330342 8304710
1477333071 8304788
1477340990 8304803
1477342450 8305273
1477342471 8305273
1477346778 8305268
1477348041 8305278
1477420627 8305327
1477428636 8307267
1477438638 8307250
1477439461 8307250
1477440478 8307263
1477449009 8307264
1477529912 8309939
1477530017 8309939
1477974187 8309941
1477979274 8312506
1477982942 8312523
1477984922 8312537
1478016955 8312563
1478021240 8312565
1478050923 8312575
1478060464 8312592
1478109415 8312579
1478125706 8312595
1478134500 8312588
1478138971 8312601
1478198492 8312684
1478214868 8312682
1478216204 8312680
1478275387 8312699
1478278208 8312698
1478280255 8312698
1478286616 8312719
1478297170 8312750
1478304708 8312795
1478380935 8312794
1478382085 8312801
1478382233 8312801
1478382628 8312800
1478387253 8316501
1478392581 8316517
1478393562 8316517
1478393838 8316517
1478394578 8316530
1478419479 8316542
1479225969 8316594
1479256477 8408910
1479265476 8408923
1479268223 8408883
1479325041 8408924
1479939699 8408938
1479946260 8388951
1479952177 8389023
1479952359 8389023
1479953320 8389023
1479956374 8389023
1479956873 8389014
1480458819 8389068
1480462064 8389086
1480463361 8389219
1480470582 8389132
1480617032 8389093
1480620027 8389107
1480621961 8389119
1480622831 8389121
1480641971 8389105
1480717151 8389124
1480733503 8389165
1480749039 8389172
1481052651 8389223
1481071446 8418568
1481073574 8418595
1481153004 8418591
1481157120 8418595
1481218803 8418613
1481227583 8418608
1481241670 8418630
1481246051 8418677
1481246844 8418690
1481305407 8418723
1481320347 8418745
1481334732 8418799
1481579144 8418810
1481584205 8418826
1481585229 8418824
1481586295 8418813
1481586558 8418816
1481591405 8418809
1481591543 8418809
1481593508 8418819
1481593613 8418818
1481676595 8418914
1481682171 8418938
1481922139 8418967
1482281921 8468739
1482284552 8468741
1482285163 8468897
1482350679 8468955
1482351343 8469066
1482365486 8469078
1482367922 8469099
1482368622 8469098
1482369463 8469103
1482369526 8469106
1482372811 8107369
1482373040 8107369
1482381015 8107436
1482456906 8107518
1482473784 8107668
1482476131 8107684
1482478012 8107694
1482483465 8107735
1482486879 8107737
1483399748 8110623
1483403849 8110634
1483405656 8110637
1483409658 8110648
1483423429 8110682
1483423947 8110680
1483432134 8110678
1483459691 8110678
1483468302 8111024
1483486940 8111055
1483634557 8111122
1483644922 8111764
1484034835 8111894
1484177593 8111814
1484182580 8111900
1484188345 8111912
1484190590 8111911
1484195287 8111937
1484197839 8111937
1484208547 8111971
1484210641 8111982
1484248622 8111983
1484249516 8111993
1484251125 8112025
1484275675 8116650
1484292181 8116652
1484293659 8116656
1484327790 8116708
1484328630 8116741
1484330155 8116755
1484331499 8116762
1484333087 8116758
1484335296 8116758
1484336401 8116768
1484347880 8116758
1484348307 8116690
1484349033 8116693
1484350064 8116685
1484352161 8116694
1484362033 8116703
1484364252 8116665
1484365358 8116662
1484401536 8116698
1484402027 8116708
1484403562 8116719
1484434726 8116743
1484436160 8116755
1484586817 8116771
1484588053 8116771
1484590449 8116776
1484591699 8116782
1484592724 8116774
1484593165 8116781
1484593442 8116784
1484593709 8116784
1484594424 8116761
1484595025 8116762
1484595338 8116782
1484595428 8116780
1484596129 8116783
1484596915 8116786
1484597251 8116792
1484598574 8116793
1484599948 8116792
1484603631 8116830
1484604182 8116830
1484606050 8116815
1484608915 8116830
1484611839 8116841
1484613002 8116854
1484614626 8117399
1484616477 8117371
1484620806 8117393
1484621524 8117381
1484621818 8117381
1484622271 8117382
1484622845 8117392
1484623123 8117391
1484623640 8117392
1484670329 8117391
1484714039 8117501
1484715045 8117498
1484715601 8117508
1484717049 8117737
1484717073 8117372
1484762592 8117434
1484849335 8117534
1484855770 8117559
1484879311 8117621
1484880199 8117646
1484900665 8117661
1484947942 8117665
1484956401 8117678
1484957061 8117645
1484965823 8117708
1484967592 8117724
1484969109 8117727
1484971293 8117730
1484971678 8117465
1484975961 8117460
1484980219 8117463
1484981863 8117469
1485035543 8117502
1485035876 8117564
1485038725 8117501
1485040958 8117521
1485041333 8117532
1485041670 8117532
1485041764 8117539
1485042311 8117544
1485044666 8117605
1485048604 8117697
1485049036 8117685
1485049311 8117685
1485052339 8117706
1485052790 8117710
1485133485 8117739
1485139815 8125184
1485142913 8125186
1485150677 8125217
1485190999 8125226
1485210241 8125487
1485217486 8125494
1485218048 8125500
1485282566 8125500
1485284259 8125508
1485285123 8125510
1485285860 8125515
1485286427 8125515
1485287346 8125511
1485287562 8125511
1485294052 8125509
1485304084 8125547
1485311726 8125547
1485314303 8125571
1485316249 8125573
1485317182 8125579
1485319452 8125576
1485320503 8125577
1485321194 8125583
1485323678 8125598
1485360353 8125598
1485381459 8127335
1485386635 8127356
1485398735 8127356
1485407464 8127370
1485457189 8127389
1485473601 8127020
1485475573 8127075
1485478437 8127072
1485478916 8127075
1485482648 8127108
1485492274 8127112
1485533276 8127112
1485534537 8127112
1485535078 8127108
1485542401 8127106
1485545016 8127104
1485554192 8127104
1485555793 8127102
1485559094 8127102
1485572331 8127110
1485572968 8127111
1485573708 8127110
1485574364 8127117
1485575316 8127116
1485575572 8127114
1485575732 8127114
1485576702 8127114
1485577528 8127114
1485579176 8127116
1485581063 8127118
1485581485 8127118
1485583655 8127138
1485585509 8127142
1485590037 8127165
1485590349 8127164
1485590609 8127165
1485657203 8127213
1485658699 8127207
1485662535 8127213
1485672670 8127223
1485815265 8127273
1485823750 8122393
1485824442 8122396
1485827972 8121967
1485828992 8121987
1485830509 8121986
1485831173 8121986
1485843028 8121987
1485844086 8121933
1485966654 8121938
1485974839 8121939
1485988298 8121941
1485995052 8121938
1486061114 8121949
1486676510 8122066
1487049269 8088308
1487050606 8088317
1487052524 8088517
1487091237 8088527
1487093773 8088529
1487112044 8088530
1487174441 8114448
1487195352 8088530
1487202332 8089929
1487205979 8089889
1487208256 8089893
1487208731 8089895
1487211310 8089879
1487212065 8090331
1487261035 8090324
1487271366 8090341
1487273262 8090309
1487275758 8090371
1487294013 8090483
1487398536 8090482
1487618730 8090462
1487645360 8114751
1487658357 8114751
1487658428 8114770
1487662939 8114770
1487698156 8114772
1487699082 8114792
1487718401 8114867
1487719452 8114875
1487720513 8114898
1487721367 8115549
1487725526 8115562
1487727215 8115564
1487770514 8113923
1487811372 8115551
1487877096 8115570
1487878079 8115570
1487881040 8115619
1487891369 8115635
1487892093 8115648
1487893941 8115669
1487898960 8115647
1487901985 8119265
1487961690 8119306
1487962375 8119306
1487973411 8119310
1487976071 8119354
1487976969 8119352
1487977449 8119356
1487986262 8119338
1487986432 8119338
1488247891 8119380
1488249174 8119380
1488308930 8119380
1488309793 8119388
1488310711 8119389
1488311798 8119386
1488329325 8119504
1488335972 8119506
1488361872 8119512
1488384177 8119506
1488396152 8119757
1488414659 8119791
1488415231 8119792
1488415455 8119792
1488415614 8119792
1488424315 8119795
1488424481 8119799
1488425561 8119799
1488426409 8119809
1488426928 8119790
1488427104 8119793
1488427336 8119794
1488435614 8113441
1488483982 8121631
1488484061 8121625
1488484889 8121626
1488496165 8121626
1488500665 8113964
1488501477 8121626
1488501967 8121628
1488502516 8121628
1488504863 8121640
1488505531 8121599
1488511571 8121592
1488513357 8121630
1488516669 8121662
1488516926 8121680
1488517008 8121694
1488518512 8113462
1488518546 8113454
1488518574 8113514
1488518676 8113516
1488519633 8121697
1488521327 8121697
1488521574 8121698
1488527151 8113516
1488529411 8121698
1488530005 8121698
1488535049 8121710
1488537949 8121698
1488538960 8121697
1488558484 8121697
1488558671 8121686
1488559147 8121687
1488559486 8121687
1488565811 8122073
1488566732 8122073
1488566812 8122073
1488567410 8122070
1488570595 8121388
1488570623 8121388
1488578538 8121303
1488579474 8121305
1488579921 8121305
1488581127 8121305
1488582295 8121305
1488582406 8121305
1488582900 8121305
1488583526 8121305
1488584005 8121308
1488584062 8121308
1488587165 8121311
1488590514 8121340
1488590830 8121340
1488590848 8121342
1488596540 8121342
1488624800 8113520
1488713101 8113522
1488755083 9283760
1488974313 8113520
1489155835 9283399
1489437825 8121349
1489469980 8113520
1489525179 8113534
1489531480 8110900
1489534111 8110934
1489539410 8112337
1489547432 8113520
1489571175 8113534
1489571535 8113534
1489591871 8113534
1489596069 8113961
1489603160 8113537
1489604762 8113537
1489605677 8113538
1489608440 8114567
1489610623 9283764
1489623252 8113572
1489641183 8114672
1489664404 9278796
1489671170 9278796
1489672092 8114726
1489673413 8114725
1489673452 8114722
1489683311 8113960
1489686134 8114694
1489687782 8114704
1489725602 8113955
1489733040 8114753
1489734429 8114728
1489734801 8114726
1489747898 8114725
1489748065 8114475
1489753027 9283797
1489758522 8114755
1489761202 9278828
1489779672 8114475
1489783108 8114700
1489784210 8114556
1489786906 8114556
1489792663 8114706
1489836710 8114721
1489885465 8114721
1489958837 8114767
1489992462 8114837
1489996495 8114837
1490060314 8115639
1490145115 9277791
1490175454 9278478
1490175478 9278478
1490187692 9278494
1490193549 9278494
1490195146 9278631
1490197728 9278672
1490199976 9278673
1490201903 9278775
1490253403 9278827
1490253432 9279017
1490266995 9283326
1490273158 9279016
1490274424 9279039
1490305190 9279053
1490305203 9279053
1490305350 9279056
1490543586 9279056
1490543672 9279210
1490624401 9284192
1490713161 9280904
1490713176 9283241
1490715530 9280895
1490716510 9281226
1490716592 9283666
1490719988 9281226
1490739387 9281226
1490741728 9281232
1490741742 9281232
1490741780 9281232
1490743270 9281231
1490744003 9282708
1490746048 9282710
1490747014 9283623
1490750158 9282709
1490753361 9282709
1490767084 9283639
1490774388 9283426
1490786233 9283428
1490799414 9283491
1490812369 9283559
1490823802 9283617
1490832275 9283486
1490837785 9283402
1490857238 9283437
1490862064 9283392
1490865775 9283541
1490884336 9283253
1490889669 9282094
1490890565 9283254
1490891035 9283255
1490894507 9283346
1490912966 9283541
1490916534 9283982
1490933028 9283541
1490933856 9283541
1490937360 9284010
1490937470 9283541
1490950431 9283560
1490951110 9283593
1490957181 9283477
1490965506 9284192
1490970775 9284192
1490971450 9283593
1490980801 9283683
1490991531 9284192
1490998615 9283913
1491000661 9283915
1491000714 9283918
1491007723 9283932
1491081238 9284029
1491098403 9284081
1491120358 9283933
1491165396 9284176
1491232941 9284192
1491234965 9284192
1491244270 9284189
1491251829 9284196
1491292694 9281525
1491316936 9282187
1491322591 9282001
1491330486 9282094
1491337222 9282113
1491386524 9282187
1491389911 9282274
1491406705 9282179
1491418369 9282179
1491427912 9282179
1491437544 9282226
1491464098 9284911
1491486757 9282274
1491487067 9282274
1491510387 9283529
1491515121 9283559
1491515537 9283610
1491527319 9283643
1491582602 9283430
1491582962 9283709
1491591002 9283709
1491599017 9244117
1491599929 9283691
1491601627 9283721
1491614957 9283772
1491637366 9283957
1491679490 9244602
1491809498 9283788
1491830285 9283788
1491830549 9283734
1491832409 9283737
1491890610 9283943
1491891406 9283954
1491899025 9283932
1491903859 9283895
1491916015 9283902
1491918097 9283956
1491920444 9283932
1491925734 9283938
1491949462 9284298
1491953328 9284307
1491973662 9283960
1491982784 9283956
1491985919 9283936
1491986418 9284664
1492031060 9284021
1492063939 9284914
1492071089 9284916
1492088741 9284949
1492089562 9284949
1492099184 9284975
1492127473 9284755
1492130545 9284291
1492130579 9284293
1492131268 9284289
1492167130 9284889
1492180718 9284973
1492204180 9285017
1492209864 9285047
1492213616 9285210
1492220924 9285259
1492242853 9285339
1492247479 9245263
1492297679 9285860
1492315330 9245248
1492462229 9245320
1492478507 9244604
1492481975 9244609
1492552977 9245324
1492570404 9244622
1492589463 9245274
1492594372 9245330
1492603740 9245358
1492604651 9245366
1492611276 9245366
1492620816 9245357
1492631513 9243617
1492642218 9243629
1492659114 9245188
1492690136 9243636
1492690377 9243799
1492734624 9243815
1492757668 9245192
1492776316 9245192
1492776405 9245192
1492783343 9245189
1492820300 9245280
1492836647 9245281
1492837131 9245293
1492841021 9245332
1492841470 9245332
1492841831 9245332
1492841964 9245337
1492877634 9245338
1492897276 9245338
1492897531 9245338
1493053529 9245343
1493075070 9245342
1493077556 9245347
1493420813 9255029
1493421737 9255029
1493437881 9255029
1493438085 9255167
1493441437 9255261
1493526435 9255262
1493542940 9255796
1493692123 9256899
1493702565 9256899
1493778229 9256961
1493778242 9256961
1493789966 9256961
1493823064 9257015
1493944433 9257149
1494276597 9270609
1494300052 9257155
1494300455 9257155
1494300578 9257155
1494495384 9270606
1494533475 9269447
1494533577 9269448
1494545653 9270399
1494585951 9270578
1494596994 9270402
1494601326 9270405
1494605926 9270399
1494607671 9270627
1494614939 9270399
1494614994 9270399
1494615059 9270399
1494629884 9270400
1494635727 9270613
1494653241 9270657
1494681192 9270664
1494684522 9270670
1494839787 9270582
1494866053 9270633
1494876512 9270956
1494882179 9270639
1494919293 9276648
1494926222 9276661
1494951603 9270666
1494960095 9270857
1494968262 9270928
1494972675 9276677
1494981530 9276431
1494985836 9276471
1495003276 9277453
1495013507 9276880
1495027676 9277018
1495029533 9277018
1495033194 9277385
1495041596 9277406
1495067739 9277453
1495098255 9277455
1495104803 9278517
1495105239 9278515
1495110170 9278506
1495116932 9278493
1495128206 9278494
1495135797 9279407
1495136605 9277809
1495140893 9277807
1495147353 9277910
1495151785 9277910
1495180399 9277910
1495185194 9277920
1495192660 9277920
1495205155 8129181
1495205545 9277925
1495206544 9277927
1495220122 9277927
1495221356 9278042
1495222208 8310910
1495223261 9278044
1495240036 9278073
1495240578 9278440
1495242505 9278099
1495242707 9278089
1495306456 9278088
1495306872 9278089
1495308287 9278237
1495308374 9278237
1495370494 9278242
1495382673 9278251
1495412361 9278333
1495431144 9278350
1495462183 9278350
1495463237 9278353
1495463757 9278435
1495465815 9278662
1495476136 9278735
1495498034 9278455
1495500902 9278451
1495526894 9278424
1495548989 9278519
1495555002 9278529
1495560681 9278613
1495564781 9278613
1495571671 9278613
1495579407 9278624
1495588813 9279516
1495590530 9279514
1495591429 9279529
1495623631 8179024
1495628076 8129155
1495746646 9279525
1495751349 8179083
1495841388 9279599
1495841442 8121635
1495844381 8121636
1495850291 8121636
1495918479 8121660
1495929509 8122795
1495938051 8122849
1496005682 8123912
1496005730 8123895
1496006767 8123900
1496008546 8123878
1496011087 8123837
1496020433 8123959
1496028414 8124029
1496029196 8124171
1496029296 8126912
1496047764 8126893
1496047798 8126993
1496084579 8137107
1496090677 8126989
1496090757 8127083
1496090876 8127082
1496091066 8127083
1496092018 8127106
1496092231 8127107
1496099428 8127059
1496101712 8127064
1496108885 8127065
1496110087 8127064
1496139742 8127145
1496150201 8127101
1496153274 8127103
1496157417 8127125
1496161146 8127136
1496167355 8127137
1496214379 8129155
1496227437 8127145
1496230595 8129058
1496242429 8129072
1496243309 8127753
1496244564 8127755
1496247347 8129058
1496249521 8129071
1496253608 8129149
1496295350 8129150
1496296440 8129149
1496322608 8129155
1496333318 8129155
1496367958 8129181
1496712557 8129247
1496731852 8129268
1496799310 8129309
1496799368 8129510
1496801150 8129502
1497320188 8129491
1497320254 8129771
1497363135 8133212
1497374307 8129765
1497406735 8129759
1497417984 8129759
1497476661 8133214
1497477399 8129762
1497656584 8129819
1497907920 8129823
1498067672 8129823
1498123239 8130336
1498172398 8131224
1498184109 8133201
1498203896 8133201
1498259004 8133201
1498259051 8133201
1498259269 8133201
1498264012 8133210
1498513938 8133171
1498514042 8133168
1498519549 8133158
1498519705 8133158
1498520713 8133193
1498524897 8133190
1498540771 8133190
1498553473 8133190
1498554474 8134654
1498565781 8133190
1498580897 8133776
1498583720 8133190
1498592511 8134415
1498592991 8134434
1498599306 8134650
1498603630 8134646
1498624522 8133190
1498624690 8133190
1498675996 8133192
1498676060 8133193
1498676528 8133744
1498761319 8133744
1498764299 8133727
1498949459 8134598
1498949762 8134598
1498949913 8134596
1499129960 8133776
1499159507 8134101
1499187686 8134091
1499221169 8134091
1499273119 8134609
1499273544 8134610
1499278235 8134091
1499282714 8134610
1499283636 8134124
1499286004 8134124
1499323231 8134124
1499330115 8183769
1499330541 8183769
1499331945 8183800
1499331969 8183802
1499332026 8183802
1499372174 8134610
1499436875 8137107
1499442778 8134654
1499451701 8179048
1499493015 8135195
1499624890 8135195
1499625772 8135195
1499646995 8135195
1499676910 8178914
1499690044 8135197
1499741847 8134969
1499777177 8135001
1499782994 8191678
1499784630 8300480
1499817450 8135061
1499839991 8135068
1499876666 8135096
1499877596 8135096
1499884109 8135097
1499884279 8135104
1499906039 8135160
1499911672 8135160
1499930081 8183801
1499930103 8183800
1499943260 8136188
1499966076 8136188
1499968601 8136190
1499972127 8136214
1499983236 8136649
1499989050 8137090
1499994004 8137107
1500070538 8137501
1500288906 8137107
1500303554 8137107
1500306347 8310911
1500309688 8144623
1500317992 8137344
1500358554 8137353
1500373214 8137370
1500382298 8137423
1500389063 8137104
1500391463 8310912
1500396850 8137104
1500398018 8137427
1500413505 8137427
1500431575 8137458
1500457657 8137494
1500466879 8137494
1500482835 8137501
1500493019 8310914
1500519019 8137503
1500544970 8137505
1500555205 8137600
1500562743 8310912
1500570028 8137573
1500576289 8137564
1500681736 8137931
1500696149 8148959
1500768530 8142079
1500854416 8142463
1500881722 8142463
1500881821 8142463
1500916682 8350663
1500937583 8148193
1500983992 8148959
1500984451 8149006
1500988875 8150217
1500993299 8150334
1500994690 8350666
1500994710 8350672
1501021962 8150400
1501051961 8150958
1501056931 8150960
1501060959 8151995
1501061747 8152000
1501066095 8176300
1501069168 8176341
1501073782 8176319
1501094925 8350688
1501099262 8176396
1501144533 8183799
1501144820 8183799
1501145449 8183789
1501145513 8183782
1501145871 8183775
1501146946 8178961
1501152446 8183867
1501152623 8183867
1501153060 8183867
1501179732 8178969
1501180662 8178960
1501217029 8179106
1501238067 8179080
1501249829 8182609
1501471005 8183867
1501487381 8183867
1501509903 8183867
1501516335 8179097
1501532462 8182600
1501558921 8183872
1501559005 8183872
1501587518 8182940
1501596790 8183037
1501605353 8183037
1501676489 8183037
1501686539 8183040
1501704673 8183051
1501708594 8183051
1501752384 8183100
1501757774 8183100
1501763005 8183101
1501767520 8183117
1501776845 8179933
1501824710 8183117
1501863278 8183872
1502076161 8183898
1502123697 8184887
1502129897 8310912
1502167492 8179937
1502209452 8179934
1502243685 8181966
1502306688 8181976
1502327640 8182013
1502351577 8182011
1502371347 8182231
1502389610 8182010
1502401893 8182017
1502458053 8181954
1502467619 8181954
1502470330 8181957
1502471820 8181864
1502477477 8181890
1502498273 8181879
1502509048 8182235
1502533172 8182236
1502725203 8182233
1502725316 8182231
1502725595 8183925
1502827715 8183905
1502880245 8184042
1502891935 8184920
1502913870 8184042
1502940772 8184043
1503033364 8184017
1503082724 8184052
1503115932 8184064
1503420234 8185600
1503427975 8184944
1503434224 8185230
1503477050 8185238
1503483828 8185237
1503498770 8185237
1503500506 8185330
1503518959 8185358
1503535834 8185358
1503616144 8185491
1503672923 8185594
1503697703 8191601
1503936254 8190648
1504010687 8299869
1504025725 8185664
1504052672 8191601
1504064186 8185664
1504081222 8185776
1504084445 8186700
1504111903 8186705
1504116726 8186705
1504137896 8186710
1504156213 8188491
1504179111 8188490
1504203290 8300017
1504219930 8191571
1504299030 8191563
1504413027 8191426
1504560644 8191585
1504652810 8191566
1504723392 8191566
1504724850 8191566
1504741721 8191619
1504811399 8191636
1504820452 8192184
1504825570 8192297
1504827206 8190307
1504872777 8190648
1504882067 8190846
1504895812 8190846
1504896054 8190845
1504896116 8190845
1504897380 8190853
1504903418 8190858
1504936484 8191073
1505108251 8300017
1505128070 8191081
1505138769 8300074
1505150506 8191117
1505172783 8191140
1505180707 8191351
1505181031 8191351
1505181468 8191351
1505194508 8192146
1505195071 8192146
1505201260 8192256
1505203848 8192264
1505205921 8192268
1505215090 8192269
1505221089 8192269
1505223387 8299495
1505231699 8192268
1505234793 8192274
1505241094 8192276
1505246920 8299869
1505263575 8192279
1505273530 8192335
1505293666 8299885
1505312433 8299870
1505335251 8192335
1505335577 8192335
1505336017 8192336
1505336845 8192336
1505337033 8192335
1505337816 8192335
1505338473 8192335
1505339936 8192354
1505341039 8192354
1505341730 8192354
1505350622 8192364
1505350866 8192364
1505351258 8192364
1505352664 8192365
1505352868 8192378
1505365727 8192379
1505365827 8192379
1505412655 8192384
1505412694 8192414
1505427554 8192433
1505429700 8192448
1505437122 8192467
1505455718 8192790
1505456091 8192790
1505515817 8299851
1505563918 8299861
1505610386 8299862
1505610459 8299862
1505610488 8299862
1505677061 8299862
1505677126 8299862
1505711519 8299862
1505738776 8313924
1505780087 8300015
1505812473 8313924
1505827062 8313922
1505952758 8300030
1506024208 8300032
1506256585 8300032
1506343947 8300192
1506376917 8300077
1506547549 8300079
1506575786 8300120
1506623376 8300406
1506650489 8300152
1507075105 8300409
1507093227 8300152
1507157529 8300409
1507216046 8300414
1507238759 8300413
1507569015 8300483
1507580763 8310484
1507622503 8310448
1507626088 8310484
1507668781 8310479
1507668820 8310475
1507678449 8310484
1507746254 8313924
1507753145 8310902
1507817940 8310484
1507819203 8310902
1507870840 8310484
1507873939 8310654
1507918110 8313927
1508192763 8310936
1508258640 8313932
1508346167 8312780
1508353768 8313935
1508363621 8313569
1508949108 8313555
1509140065 8313576
1509208200 8313905
1509338292 8313936
1509350757 8316991
1509403434 8313943
1509486869 8313967
1509567457 8313999
1509639010 8316443
1509658950 8316998
1509674469 8317020
1509697710 8317020
1509698248 8317020
1509728811 8317020
1509953971 8317351
1509975488 8324293
1510078409 8317364
1510132627 8317358
1510254204 8317372
1510254639 8317577
1510255408 8317574
1510255895 8317577
1510257011 8317372
1510257050 8317358
1510259728 8317020
1510300514 8316794
1510343107 8316802
1510349551 8317007
1510356950 8316992
1510380036 8318603
1510380640 8318603
1510389043 8318618
1510511557 8318644
1510566027 8318876
1510616047 8318877
1510628274 8318874
1510703494 8318874
1510717172 8318916
1510811086 8319818
1510875809 8319830
1510884693 8320119
1510895288 8320134
1510898069 8320134
1510955180 8320137
1510955260 8320137
1510961332 8320136
1510965372 8320163
1510995706 8320243
1511223128 8321069
1511231355 8320263
1511231697 8320280
1511231930 8320298
1511232033 8320300
1511233851 8320299
1511234747 8320305
1511234872 8320307
1511243052 8320310
1511285152 8320432
1511292042 8320454
1511294605 8320454
1511297580 8320808
1511302984 8320835
1511303158 8320835
1511305222 8320835
1511390615 8321070
1511404219 8321070
1511404742 8321069
1511413125 8321081
1511768078 8321078
1511821380 8321087
1511857576 8321098
1511873748 8321150
1511904445 8321103
1511918794 8321071
1511930016 8321122
1511978051 8321968
1511992103 8322020
1512004330 8322422
1512025476 8321963
1512088967 8321967
1512145933 8321969
1512146857 8321994
1512364792 8322888
1512379998 8322909
1512443158 8322813
1512463582 8322814
1512504536 8322809
1512516668 8322832
1512521443 8322868
1512537350 8322918
1512605808 8322910
1512613142 8323206
1512629929 8323533
1512631554 8323254
1512801928 8323512
1513094599 8323920
1513187931 8324302
1513278943 8324266
1513632012 8324478
1513713855 8324503
1513881584 8324503
1514507107 8324503
1514749670 8325153
1514930138 8325064
1514973245 8325074
1514990072 8329903
1514997652 8329957
1515002837 8325124
1515158054 8325139
1515222322 8325244
1515396653 8325690
1515437007 8325249
1515553673 8325251
1515746043 8325251
1516001532 8325691
1516142363 8329758
1516145222 8329806
1516219379 8329979
1516230623 8329968
1516390864 8330011
1516413543 8329975
1516653265 8349099
1516669136 8349099
1516669715 8349099
1516738609 8349054
1516764527 8349067
1516774712 8349075
1516864454 8347653
1517007322 8347660
1517010586 8349204
1517142333 8347671
1517167652 8347683
1517185955 8347750
1517281981 8347759
1517330766 8348556
1517350476 8348567
1517374095 8348567
1517388772 8348570
1517406643 8348586
1517426812 8348588
1517427869 8348588
1517428125 8348588
1517461651 8348889
1517463322 8348926
1517525917 8348979
1517550826 8349205
1517904323 8349204
1518028491 8349213
1518066907 8349219
1518135851 8349219
1518135921 8349220
1518136038 8349220
1518136207 8349214
1518136427 8349214
1518136928 8349216
1518157347 8349552
1518550341 8349607
1518566661 8349614
1518643035 8349632
1518643665 8349643
1518648572 8350161
1518718216 8349691
1518722532 8349695
1518770468 8349914
1518834112 8350018
1519152847 8349993
1519162149 8350072
1519172318 8349998
1519240462 8350018
1519409064 8350072
1519413683 8350068
1519669878 8350068
1519698595 8350073
1519775224 8350226
1519777565 8350229
1519855357 8350694
1519857781 8350234
1519859299 8350242
1519925565 8354973
1519931833 8350694
1519957654 8350489
1520034673 8350534
1520059033 8350608
1520294859 8350690
1520360484 8352980
1520362774 8355980
1520371040 8354688
1520378491 8355782
1520465237 8355708
1520465922 8354974
1520467067 8355873
1520469232 8354974
1520469255 8354973
1520469297 8354973
1520478797 8354993
1520493082 8355029
1520559936 8355029
1520584350 8355029
1520638066 8355080
1520638625 8355080
1520648193 8355080
1520652476 8355114
1520841649 8355226
1520868416 8355214
1520889091 8355877
1520913964 8355860
1520979719 8357683
1520985066 8356156
1520994611 8356237
1521052784 8357690
1521054005 8357341
1521073374 8357360
1521086965 8357666
1521087541 8357677
1521091853 8357653
1521098507 8357671
1521133421 8357673
1521247606 8357658
1521255556 8357658
1521318773 8357681
1521597467 8357690
1521609828 8357682
1521660208 8358327
1521667195 8360386
1521672246 8360386
1521761080 8360413
1521762515 8360416
1521768834 8360712
1522101967 8360712
1522828111 8360697
1522881013 8360714
1522887397 8360929
1523041545 8360714
1523168326 8360790
1523306126 8360994
1523317160 8360821
1523467575 8360984
1523564621 8361041
1523639139 8361063
1523650615 8361063
1523650799 8361067
1523657508 8361042
1523685195 8361054
1523908754 8361084
1523997254 8361029
1524163708 8361068
1524168355 8361066
1524253570 8361087
1524253633 8361099
1524502908 8361071
1524504587 8361099
1524504689 8361099
1524504944 8361111
1524517463 8361220
1524524146 8361226
1524594494 8361226
1524605008 8361220
1524679162 8361220
1524695451 8361220
1524793613 8361218
1525112287 8361218
1525200005 8361604
1525200068 8361614
1525210499 8361607
1525276503 8361661
1525286126 8361611
1525307467 8361662
1525396137 8362423
1525419533 8362407
1525459279 8362407
1525478375 8363245
1525580699 8362267
1525740950 8362438
1525803582 8362501
1525826758 8362560
1525908097 8362535
1526078868 8362425
1526327208 8362407
1526404940 8362416
1526418099 8362416
1526603721 8363259
1526689421 8362460
1526893521 8362567
1527010090 8362728
1527100663 8363270
1527111750 8363130
1527119933 8363135
1527231377 8363136
1527954922 8370939
1527968222 8371168
1528007904 8371190
1528053129 8363292
1528065057 8371119
1528078727 8371139
1528086910 8371120
1528155349 8373607
1528182307 8371146
1528252648 8371148
1528299509 8374749
1528308727 8374764
1528310997 8374752
1528326484 8374764
1528328183 8374762
1528393638 8371156
1528394384 8374772
1528399971 8371155
1528415846 8377250
1528493272 8377256
1528699231 8370723
1528730241 8377269
1528737183 8370733
1528742938 8377240
1528747760 8377260
1528771638 8377467
1528827910 8377240
1528833551 8377252
1528835594 8377467
1528925785 8377252
1529084753 8377456
1529096640 8377467
1529099242 8377533
1529103896 8377565
1529109924 8377546
1529111161 8377551
1529111263 8368372
1529112031 8377548
1529115368 8377555
1529115463 8377556
1529115912 8377564
1529355701 8377568
1529390186 8377601
1529428800 8377593
1529518210 8377647
1529698137 8377627
1529702563 8377627
1529716712 8377686
1529786299 8377627
1529858100 8377627
1529869845 8377691
1530057504 8377687
1530138350 8377677
1530147355 8377748
1530158548 8377752
1530200316 8364752
1530225270 8364778
1530237160 8365111
1530545930 8365159
1530556766 8365150
1530569954 8365148
1530655342 8365785
1530676190 8365785
1530826434 8365785
1530912997 8365997
1531154985 8366447
1531155693 8366493
1531179686 8366496
1531184861 8366447
1531245038 8366446
1531264026 8368421
1531430484 8368644
1531515508 8368648
1531517060 8368648
1531521667 8368688
1531759936 8369368
1531766025 8369118
1531766898 8368661
1531774769 8368757
1531777970 8368820
1531778236 8368816
1531874543 8368831
1531934777 8368857
1531946412 8368947
1531947134 8368859
1532018031 8368866
1532019839 8369120
1532122462 8369237
1532123756 8369094
1532155296 8369124
1532392284 8369234
1532404144 8369251
1532459592 8369235
1532566523 8369228
1532576779 8369252
1532641566 8369675
1532733636 8369231
1532739598 8369230
1532742222 8369234
1532912761 8369456
1533074589 8369676
1533150054 8369682
1533166166 8369812
1533231665 8369832
1533665835 8374043
1533670956 8374044
1533921006 8370038
1533944189 8370050
1533945238 8370052
1534182500 8370055
1534205736 8370074
1534266328 8370280
1534274417 8373986
1534275429 8373982
1534287638 8370100
1534311056 8373992
1534315592 8370282
1534369786 8370285
1534372138 8374308
1534374754 8373993
1534378373 8370281
1534381292 8370284
1534499653 8374042
1534521907 8374052
1534530762 8374045
1534541377 8374040
1534791472 8374040
1534809090 8374052
1534823241 8374152
1534871114 8374254
1534876489 8374494
1534876508 8374380
1534880306 8374258
1534885143 8374364
1534886579 8374258
1535004593 8374501
1535047556 8374524
1535059709 8374808
1535062894 8374507
1535085528 8374516
1535143468 8374785
1535298080 8374761
1535355153 8374979
1535440674 8374979
1535497326 8374982
1535562530 8374980
1535614820 8375239
1535651364 8375239
1535659812 8375239
1535740804 8375395
1536102607 8375240
1536200573 8375894
1536280438 8375987
1536363171 8376024
1536508773 8375836
1536681105 8375991
1536775930 8376038
1536789619 8376085
1536790113 8376127
1536797626 8376052
1536798285 8376058
1536806545 8376084
1536862733 8376137
1536871008 8376170
1536953391 8376206
1537238010 8376307
1537308044 8376342
1537479482 8376345
1537506177 8376374
1537550576 8376374
1537571054 8379304
1537635207 8379122
1537835194 8379136
1537920563 8379136
1538002416 8379390
1538010094 8379136
1538069111 8379227
1538433846 8379412
1538451666 8379486
1538616820 8379867
1538773616 8379563
1539378743 8379581
1539901383 8379874
1540010181 8381425
1540317056 8376063
1540575601 8376065
1540747327 8376064
1540837002 8376064
1541029422 8376130
1541055504 8376281
